 [104 208 240]
 [120 208 247]
 [  0 182 219]
 [119 208 244]
 [ 85 196 232]
 [100 208 241]
 [126 208 245]
 [114 208 242]
 [104 208 247]
 [ 70 187 223]
 [ 86 201 234]
 [ 93 199 231]
 [ 87 195 230]
 [ 92 199 230]
 [ 87 201 236]
 [ 86 195 228]
 [ 91 199 230]
 [ 83 195 229]
 [ 90 199 233]
 [ 50 187 215]
 [ 82 195 231]
 [ 85 195 234]
 [ 85 193 237]
 [ 76 197 229]
 [119 208 241]
 [ 84 195 236]
 [ 81 195 230]
 [ 88 193 226]
 [ 50 134 147]
 [ 80 195 231]
 [ 84 193 228]
 [131 209 249]
 [ 94 195 228]
 [ 94 199 236]
 [101 204 236]
 [ 95 195 228]
 [ 73 182 215]
 [ 68 195 230]
 [ 90 195 227]
 [ 62 193 230]
 [ 91 195 232]
 [ 71 195 229]
 [ 79 194 230]
 [ 92 195 228]
 [110 209 243]
 [ 93 195 233]
 [121 209 245]
 [ 70 182 218]
 [ 88 195 231]
 [ 85 182 215]
 [ 90 199 236]
 [ 89 195 227]
 [ 55 195 228]
 [127 213 247]
 [126 213 247]
 [ 57 193 227]
 [125 213 244]
 [118 208 244]
 [ 75 183 228]
 [ 73 197 234]
 [ 72 183 218]
 [112 205 242]
 [ 72 195 228]
 [ 74 193 230]
 [ 81 193 233]
 [ 73 195 234]
 [  0 185 219]
 [ 79 195 231]
 [ 67 197 223]
 [ 69 183 220]
 [122 205 244]
 [ 72 191 228]
 [ 64 191 229]
 [ 88 199 233]
 [112 213 245]
 [ 66 191 224]
 [ 87 192 233]
 [102 209 240]
 [ 77 191 228]
 [111 212 245]
 [ 71 191 228]
 [ 79 191 226]
 [124 212 249]
 [ 83 192 226]
 [123 212 247]
 [134 213 249]
 [107 212 245]
 [131 213 248]
 [130 213 247]
 [129 213 247]
 [ 85 192 233]
 [127 213 246]
 [126 213 245]
 [125 213 246]
 [124 213 252]
 [ 94 204 233]
 [122 213 254]
 [121 213 246]
 [120 213 245]
 [119 213 245]
 [117 213 245]
 [ 99 212 243]
 [ 82 193 230]
 [114 213 246]
 [113 213 242]
 [112 213 239]
 [ 86 191 225]
 [ 84 194 226]
 [109 213 245]
 [ 66 180 217]
 [106 197 232]
 [108 203 242]
 [104 197 232]
 [103 197 236]
 [ 81 199 230]
 [101 197 233]
 [100 197 237]
 [ 99 197 235]
 [ 98 197 234]
 [ 77 191 227]
 [ 96 197 233]
 [ 95 197 235]
 [ 94 197 239]
 [ 93 197 232]
 [ 92 197 236]
 [ 91 197 223]
 [ 90 197 238]
 [ 89 197 236]
 [ 88 197 228]
 [ 87 197 230]
 [ 86 197 234]
 [ 85 197 231]
 [ 84 197 230]
 [ 83 197 233]
 [ 82 197 229]
 [ 81 197 229]
 [ 80 197 230]
 [ 79 197 231]
 [ 78 197 230]
 [ 77 197 230]
 [100 203 241]
 [ 75 197 225]
 [101 203 234]
 [ 96 193 231]
 [ 82 199 235]
 [ 71 197 230]
 [ 70 197 235]
 [ 69 197 230]
 [ 68 197 229]
 [ 67 197 230]
 [ 52 182 213]
 [ 73 192 223]
 [ 64 197 233]
 [ 90 187 222]
 [ 51 182 210]
 [ 41 182 219]
 [ 35 182 214]
 [ 59 181 211]
 [ 97 203 239]
 [ 83 193 225]
 [ 98 203 234]
 [121 203 247]
 [ 99 203 237]
 [ 53 181 213]
 [ 50 181 216]
 [ 87 193 227]
 [ 48 181 210]
 [ 80 193 235]
 [118 203 239]
 [ 45 181 211]
 [ 44 165 191]
 [100 208 250]
 [104 195 232]
 [ 93 193 229]
 [ 84 193 227]
 [ 38 181 210]
 [ 35 165 206]
 [ 34 181 211]
 [ 33 181 210]
 [  0 183 218]
 [ 31 181 213]
 [114 203 241]
 [ 28 149 179]
 [ 27 181 214]
 [ 80 191 227]
 [ 65 193 229]
 [113 203 238]
 [102 201 237]
 [109 216 245]
 [110 216 244]
 [ 89 200 231]
 [ 98 205 240]
 [105 205 242]
 [ 81 193 226]
 [  3 181 215]
 [103 201 239]
 [  0 165 202]
 [119 216 245]
 [ 97 201 239]
 [106 205 239]
 [ 74 186 216]
 [ 91 199 234]
 [137 216 252]
 [ 90 199 235]
 [117 207 248]
 [ 76 185 223]
 [ 96 201 233]
 [ 91 202 236]
 [ 77 185 228]
 [102 205 238]
 [  0 176 205]
 [ 80 193 225]
 [100 205 238]
 [ 86 189 226]
 [ 97 201 229]
 [ 89 202 237]
 [ 74 185 217]
 [101 205 241]
 [ 75 185 220]
 [ 74 185 216]
 [ 88 202 237]
 [ 98 201 238]
 [ 91 203 239]
 [ 79 190 232]
 [ 76 190 228]
 [ 91 189 223]
 [ 89 203 234]
 [ 99 201 236]
 [ 95 202 233]
 [ 90 199 234]
 [ 92 202 234]
 [ 82 190 225]
 [112 205 234]
 [ 67 190 230]
 [ 92 203 241]
 [ 85 190 227]
 [112 207 242]
 [ 96 190 223]
 [ 99 200 236]
 [ 87 197 234]
 [ 91 200 234]
 [ 86 197 232]
 [ 89 196 229]
 [ 83 197 236]
 [ 88 196 232]
 [ 82 197 230]
 [ 85 197 233]
 [ 41 173 202]
 [ 90 200 231]
 [ 80 202 234]
 [ 81 197 233]
 [ 62 200 231]
 [ 80 197 231]
 [ 99 202 237]
 [ 94 197 236]
 [ 35 133 149]
 [109 202 239]
 [ 87 202 235]
 [ 95 197 238]
 [ 73 200 230]
 [ 90 197 235]
 [ 54 133 147]
 [ 90 196 230]
 [132 212 249]
 [ 91 197 236]
 [129 212 245]
 [128 212 249]
 [ 92 197 232]
 [126 212 248]
 [125 212 246]
 [124 212 246]
 [ 93 197 235]
 [122 212 251]
 [ 78 200 231]
 [120 212 243]
 [119 212 245]
 [118 212 247]
 [117 212 244]
 [ 59 191 224]
 [115 212 244]
 [113 212 245]
 [112 212 244]
 [111 212 240]
 [110 212 243]
 [105 202 236]
 [ 99 197 236]
 [ 91 200 236]
 [106 212 242]
 [105 212 240]
 [104 212 243]
 [ 90 200 233]
 [101 196 238]
 [ 37 175 205]
 [ 99 196 236]
 [ 98 196 234]
 [107 202 246]
 [ 96 196 236]
 [ 95 196 231]
 [ 94 196 232]
 [ 93 196 234]
 [ 92 196 237]
 [ 91 196 234]
 [ 90 196 234]
 [ 89 196 235]
 [ 88 196 230]
 [ 87 196 235]
 [ 86 196 230]
 [ 85 196 231]
 [ 84 196 227]
 [ 83 196 236]
 [ 82 196 226]
 [ 81 196 229]
 [ 80 196 230]
 [ 79 196 231]
 [ 78 196 228]
 [ 77 196 224]
 [ 76 196 236]
 [ 74 196 232]
 [108 200 238]
 [ 72 196 229]
 [ 71 196 229]
 [ 54 190 226]
 [ 69 196 228]
 [ 68 196 226]
 [ 67 196 230]
 [ 80 200 232]
 [ 65 196 229]
 [ 87 200 234]
 [ 63 180 215]
 [ 62 180 219]
 [105 200 242]
 [101 194 232]
 [ 84 200 233]
 [100 194 232]
 [ 85 200 233]
 [ 55 180 221]
 [ 53 180 202]
 [ 52 180 210]
 [ 51 180 209]
 [ 71 187 222]
 [ 77 199 229]
 [ 46 180 210]
 [ 45 196 230]
 [ 44 180 213]
 [ 66 186 227]
 [101 200 238]
 [ 41 180 209]
 [ 40 180 210]
 [ 39 180 210]
 [ 97 202 236]
 [ 30 132 148]
 [ 31 148 181]
 [ 30 180 214]
 [117 207 242]
 [ 28 164 203]
 [ 26 180 213]
 [ 25 164 203]
 [ 98 200 235]
 [ 80 199 231]
 [ 99 200 240]
 [ 44 180 221]
 [103 202 235]
 [100 202 236]
 [ 97 197 235]
 [109 209 241]
 [ 35 193 231]
 [  2 180 211]
 [  0 164 203]
 [  0 184 214]
 [ 99 197 229]
 [ 81 200 234]
 [ 78 194 233]
 [102 197 233]
 [ 65 194 228]
 [ 81 199 234]
 [ 75 194 226]
 [ 84 196 229]
 [ 69 194 226]
 [ 77 194 232]
 [ 94 199 229]
 [ 79 194 234]
 [ 70 194 231]
 [ 92 198 236]
 [ 82 192 231]
 [ 90 198 232]
 [ 83 198 230]
 [ 95 204 236]
 [107 204 246]
 [ 96 208 244]
 [ 90 194 232]
 [ 82 194 228]
 [ 82 192 228]
 [ 84 200 229]
 [ 87 194 233]
 [ 88 194 227]
 [ 86 194 231]
 [ 87 196 231]
 [101 204 240]
 [ 96 196 238]
 [ 86 194 225]
 [ 85 194 227]
 [ 92 204 234]
 [ 84 194 231]
 [112 204 236]
 [ 85 200 230]
 [ 80 194 233]
 [ 88 204 230]
 [108 200 235]
 [107 208 243]
 [113 204 238]
 [ 90 198 235]
 [ 83 198 234]
 [ 71 199 230]
 [  0 160 200]
 [100 196 235]
 [ 64 199 236]
 [ 18 182 215]
 [ 88 192 225]
 [ 86 199 233]
 [ 99 208 240]
 [ 72 201 237]
 [ 90 194 224]
 [145 227 255]
 [102 193 233]
 [142 227 255]
 [136 211 247]
 [ 93 198 230]
 [ 91 199 233]
 [132 211 249]
 [ 84 199 234]
 [126 211 248]
 [ 24 164 193]
 [123 211 246]
 [122 211 246]
 [120 211 246]
 [118 211 246]
 [116 211 246]
 [114 211 246]
 [ 47 182 213]
 [107 204 242]
 [110 211 244]
 [108 211 242]
 [100 207 240]
 [106 211 242]
 [ 89 190 232]
 [104 211 243]
 [103 211 244]
 [114 211 245]
 [101 211 242]
 [ 55 182 217]
 [ 29 175 206]
 [ 98 195 238]
 [ 97 195 231]
 [ 96 211 237]
 [ 95 195 234]
 [ 94 195 229]
 [ 93 195 235]
 [ 92 195 231]
 [ 91 195 236]
 [ 90 195 235]
 [ 89 195 234]
 [ 88 195 235]
 [ 87 195 229]
 [ 86 195 230]
 [ 85 195 230]
 [ 84 195 234]
 [ 83 195 230]
 [ 82 195 233]
 [ 81 195 227]
 [ 80 195 230]
 [ 94 191 235]
 [ 78 195 227]
 [ 77 195 230]
 [ 76 195 233]
 [ 75 195 232]
 [ 74 195 233]
 [ 73 195 227]
 [ 72 195 227]
 [ 90 191 224]
 [ 70 195 231]
 [ 69 195 230]
 [ 68 179 210]
 [ 88 198 232]
 [ 66 195 230]
 [ 65 195 227]
 [ 64 191 225]
 [ 63 147 174]
 [101 200 233]
 [ 61 195 225]
 [ 70 191 227]
 [ 93 191 227]
 [ 58 195 222]
 [ 57 195 230]
 [ 56 195 227]
 [ 55 179 211]
 [ 89 191 231]
 [ 50 179 206]
 [ 49 147 168]
 [102 200 239]
 [ 93 199 232]
 [ 46 179 212]
 [ 45 179 211]
 [104 204 237]
 [ 43 179 221]
 [ 42 179 211]
 [108 211 244]
 [ 98 204 237]
 [ 89 198 229]
 [103 200 238]
 [ 91 198 233]
 [ 32 163 187]
 [ 31 179 205]
 [106 211 241]
 [ 60 194 229]
 [ 26 179 210]
 [111 211 242]
 [ 24 179 218]
 [ 97 204 235]
 [104 204 235]
 [106 202 238]
 [ 12 179 209]
 [ 74 196 229]
 [ 97 196 231]
 [109 204 238]
 [  4 179 210]
 [133 215 246]
 [  0 179 213]
 [  0 176 206]
 [ 97 200 234]
 [109 204 243]
 [ 65 186 223]
 [ 73 186 227]
 [108 204 237]
 [ 67 186 217]
 [104 204 238]
 [ 66 186 226]
 [ 98 200 232]
 [107 204 237]
 [  0 189 213]
 [ 88 198 231]
 [ 71 186 222]
 [ 79 186 224]
 [ 96 196 225]
 [106 204 235]
 [ 83 191 229]
 [ 99 200 238]
 [ 92 196 233]
 [ 35 155 180]
 [  0 189 217]
 [ 43 177 211]
 [ 93 196 232]
 [ 77 196 228]
 [ 76 196 228]
 [ 72 200 230]
 [ 82 191 231]
 [113 204 240]
 [  0 166 197]
 [ 87 196 233]
 [ 88 198 229]
 [100 204 238]
 [ 90 196 235]
 [ 97 204 234]
 [ 86 196 229]
 [102 201 235]
 [ 52 175 213]
 [102 204 235]
 [ 89 196 239]
 [ 99 204 234]
 [103 197 230]
 [ 45 189 225]
 [ 61 189 230]
 [  0 155 187]
 [ 50 189 219]
 [ 58 189 222]
 [ 57 189 220]
 [ 83 196 234]
 [149 226 255]
 [148 226 255]
 [ 95 201 233]
 [110 202 238]
 [126 217 248]
 [114 209 240]
 [ 94 201 233]
 [130 210 248]
 [129 210 249]
 [  0 180 210]
 [127 210 241]
 [ 51 172 207]
 [125 210 244]
 [124 210 246]
 [118 209 243]
 [121 210 242]
 [120 210 245]
 [119 210 244]
 [118 210 250]
 [117 210 243]
 [116 210 244]
 [ 93 201 236]
 [114 210 248]
 [113 210 245]
 [112 210 243]
 [111 210 246]
 [109 210 251]
 [107 210 241]
 [106 210 242]
 [ 73 189 231]
 [104 210 242]
 [103 210 242]
 [102 194 236]
 [101 210 240]
 [100 210 241]
 [ 99 194 235]
 [ 97 194 232]
 [ 96 210 242]
 [ 95 194 220]
 [ 94 194 236]
 [ 92 194 230]
 [ 91 194 229]
 [ 90 194 226]
 [ 89 194 227]
 [ 88 194 233]
 [ 87 194 231]
 [ 86 194 229]
 [ 85 194 232]
 [ 84 194 234]
 [ 83 194 228]
 [ 82 194 233]
 [ 81 194 228]
 [ 80 194 231]
 [ 79 194 228]
 [ 78 194 228]
 [ 77 194 230]
 [ 75 194 231]
 [ 74 194 230]
 [ 73 178 209]
 [ 72 194 233]
 [ 71 194 230]
 [ 66 188 224]
 [ 69 194 231]
 [ 68 194 228]
 [ 67 194 227]
 [ 66 194 228]
 [ 65 194 231]
 [ 78 196 236]
 [ 63 194 226]
 [ 62 194 226]
 [ 61 178 216]
 [ 60 194 227]
 [ 58 194 225]
 [ 57 178 211]
 [ 56 194 230]
 [ 55 194 231]
 [ 54 194 230]
 [ 53 194 225]
 [ 52 146 165]
 [ 51 178 213]
 [ 49 178 207]
 [ 77 196 230]
 [ 47 194 231]
 [ 44 146 174]
 [ 42 194 231]
 [ 80 191 224]
 [ 35 162 195]
 [ 34 178 209]
 [ 32 162 194]
 [ 29 159 185]
 [ 28 178 210]
 [ 75 199 230]
 [ 24 178 214]
 [ 65 195 229]
 [ 73 195 228]
 [ 55 186 224]
 [ 67 195 230]
 [ 74 195 227]
 [ 66 195 229]
 [ 15 178 211]
 [ 77 195 228]
 [  0 155 175]
 [ 12 162 202]
 [ 97 195 229]
 [ 78 195 232]
 [ 96 195 233]
 [ 99 195 234]
 [ 87 201 233]
 [  0 178 210]
 [ 83 195 231]
 [ 90 195 233]
 [ 82 195 229]
 [ 65 196 228]
 [ 90 197 231]
 [ 84 201 236]
 [ 87 195 231]
 [ 89 195 228]
 [ 80 195 234]
 [  0 186 212]
 [ 85 195 226]
 [ 92 195 230]
 [ 84 195 231]
 [ 91 198 238]
 [ 85 201 231]
 [ 81 199 231]
 [ 39 183 221]
 [114 209 242]
 [ 96 192 233]
 [ 81 194 233]
 [ 88 197 232]
 [ 47 183 211]
 [ 61 183 224]
 [ 98 198 233]
 [ 62 197 231]
 [127 212 249]
 [100 198 231]
 [101 198 228]
 [ 77 197 231]
 [ 82 199 229]
 [108 208 245]
 [ 90 197 236]
 [ 78 192 231]
 [ 95 199 235]
 [112 209 241]
 [ 94 199 233]
 [ 63 183 216]
 [ 50 183 225]
 [126 207 243]
 [ 93 193 228]
 [ 77 192 231]
 [ 61 183 222]
 [123 208 241]
 [121 207 242]
 [ 92 198 238]
 [ 96 198 237]
 [ 97 198 234]
 [ 91 197 230]
 [ 54 181 216]
 [ 45 181 215]
 [ 61 181 224]
 [ 54 197 230]
 [ 60 181 218]
 [  0 161 195]
 [ 77 199 232]
 [ 69 192 224]
 [113 209 240]
 [ 56 183 222]
 [ 84 189 225]
 [ 74 192 231]
 [ 67 189 222]
 [107 204 236]
 [ 72 192 228]
 [ 80 195 233]
 [108 207 247]
 [ 93 198 233]
 [107 207 244]
 [ 44 180 211]
 [ 75 192 231]
 [ 73 192 225]
 [ 72 180 215]
 [110 207 244]
 [ 45 180 212]
 [ 44 180 212]
 [ 53 180 214]
 [  0 180 213]
 [ 92 189 239]
 [126 209 246]
 [ 58 180 217]
 [101 208 240]
 [122 209 246]
 [100 208 242]
 [ 71 180 215]
 [ 65 190 230]
 [118 209 241]
 [ 64 190 227]
 [116 209 243]
 [115 209 238]
 [ 74 190 225]
 [113 209 243]
 [112 209 243]
 [110 209 244]
 [109 209 239]
 [108 209 242]
 [112 207 245]
 [106 209 240]
 [108 209 243]
 [104 193 232]
 [103 209 236]
 [102 209 238]
 [109 209 242]
 [100 209 238]
 [ 99 193 235]
 [ 98 193 231]
 [ 11 181 219]
 [ 96 193 233]
 [ 84 194 225]
 [ 94 193 231]
 [110 209 247]
 [ 32 151 178]
 [ 91 193 230]
 [ 90 193 231]
 [ 89 193 231]
 [ 88 193 231]
 [ 87 193 234]
 [ 86 193 230]
 [ 85 193 231]
 [ 84 193 222]
 [101 207 238]
 [ 82 193 227]
 [ 81 193 229]
 [ 80 193 224]
 [ 79 209 241]
 [ 78 193 232]
 [ 77 193 230]
 [ 76 193 229]
 [ 75 193 234]
 [ 74 193 231]
 [  0 176 201]
 [ 72 193 231]
 [ 71 193 229]
 [ 70 193 232]
 [ 69 193 228]
 [ 68 177 205]
 [ 67 193 226]
 [ 66 177 207]
 [ 65 177 209]
 [ 64 193 230]
 [ 63 193 230]
 [ 62 161 177]
 [ 79 202 233]
 [ 92 197 230]
 [ 59 193 230]
 [ 58 193 226]
 [ 57 193 232]
 [ 56 193 230]
 [ 55 177 211]
 [ 54 193 228]
 [ 52 193 224]
 [ 47 145 174]
 [ 46 161 176]
 [118 208 242]
 [ 91 202 238]
 [102 199 234]
 [106 200 238]
 [ 40 161 183]
 [ 38 177 212]
 [ 95 202 240]
 [ 32 177 207]
 [ 94 202 235]
 [ 95 199 232]
 [111 206 239]
 [ 93 202 237]
 [ 23 177 209]
 [ 22 177 210]
 [ 20 177 208]
 [ 70 190 225]
 [ 40 193 223]
 [ 88 193 230]
 [ 85 193 224]
 [104 201 238]
 [108 202 243]
 [ 83 202 234]
 [ 89 197 233]
 [ 83 193 231]
 [110 202 243]
 [  4 193 225]
 [ 80 202 236]
 [  0 161 179]
 [131 206 246]
 [105 202 242]
 [104 202 237]
 [ 89 200 234]
 [ 91 197 231]
 [106 202 242]
 [ 62 191 232]
 [126 212 244]
 [ 87 193 230]
 [100 202 241]
 [101 202 238]
 [102 202 235]
 [103 202 234]
 [ 73 200 233]
 [ 49 195 234]
 [ 96 202 241]
 [ 48 195 226]
 [ 97 202 238]
 [ 99 202 238]
 [ 82 193 233]
 [106 201 233]
 [ 48 146 171]
 [ 88 197 229]
 [116 202 239]
 [ 78 184 221]
 [114 202 239]
 [ 76 184 224]
 [ 84 196 231]
 [ 94 207 242]
 [ 53 191 226]
 [ 93 200 232]
 [126 206 244]
 [  0 168 206]
 [100 201 233]
 [ 66 186 222]
 [ 62 190 230]
 [126 214 243]
 [108 203 235]
 [ 55 190 231]
 [ 54 190 225]
 [ 92 200 237]
 [ 71 186 218]
 [101 201 236]
 [140 224 253]
 [139 224 255]
 [ 79 188 229]
 [ 73 184 219]
 [ 72 188 229]
 [ 64 186 228]
 [ 51 190 221]
 [121 214 247]
 [ 11 188 216]
 [127 208 245]
 [ 50 188 222]
 [ 58 188 222]
 [124 208 248]
 [123 208 242]
 [122 208 244]
 [ 56 188 230]
 [ 68 188 226]
 [119 208 243]
 [ 81 188 226]
 [117 208 244]
 [116 208 243]
 [114 208 243]
 [113 208 242]
 [102 201 242]
 [110 208 244]
 [109 208 241]
 [108 208 242]
 [107 208 241]
 [106 208 240]
 [105 208 241]
 [104 208 244]
 [103 208 240]
 [102 208 240]
 [101 208 241]
 [100 208 238]
 [ 99 192 236]
 [ 98 208 245]
 [ 97 192 231]
 [ 96 208 232]
 [ 94 208 237]
 [ 92 192 231]
 [ 91 192 234]
 [ 90 192 224]
 [ 89 192 222]
 [ 88 192 230]
 [ 87 192 226]
 [ 86 192 226]
 [ 83 197 231]
 [ 84 192 232]
 [ 83 192 233]
 [ 82 192 229]
 [ 81 192 230]
 [ 80 192 228]
 [ 79 192 230]
 [ 78 192 226]
 [ 77 192 229]
 [ 76 192 227]
 [ 75 192 226]
 [ 74 192 228]
 [ 73 192 228]
 [ 72 192 229]
 [ 71 192 221]
 [ 70 192 230]
 [ 69 192 228]
 [ 68 192 227]
 [ 67 192 226]
 [ 66 192 227]
 [ 65 192 232]
 [ 63 192 226]
 [ 61 192 232]
 [ 60 192 227]
 [ 58 176 206]
 [ 57 176 215]
 [ 56 192 232]
 [ 55 192 226]
 [ 54 192 226]
 [ 81 197 228]
 [ 52 192 223]
 [ 51 176 205]
 [ 50 176 213]
 [ 95 198 233]
 [ 87 193 228]
 [ 47 176 205]
 [ 86 199 229]
 [ 45 176 210]
 [ 96 201 239]
 [ 78 194 225]
 [ 83 193 228]
 [ 39 192 226]
 [ 38 160 186]
 [133 215 252]
 [ 34 176 207]
 [  0 165 198]
 [ 30 160 183]
 [ 28 192 227]
 [ 84 193 230]
 [ 24 176 208]
 [ 23 176 206]
 [ 19 176 216]
 [ 80 193 238]
 [ 92 202 233]
 [ 78 193 231]
 [ 69 193 230]
 [ 96 199 236]
 [  9 176 212]
 [ 68 193 226]
 [ 91 196 231]
 [  6 160 201]
 [  5 176 208]
 [  4 160 179]
 [ 70 200 236]
 [  0 160 195]]